1.000E-03 2.389E+03 
1.500E-03 7.700E+02 
2.000E-03 3.363E+02 
3.000E-03 1.017E+02 
4.000E-03 4.291E+01 
5.000E-03 2.183E+01 
6.000E-03 1.255E+01 
8.000E-03 5.269E+00 
1.000E-02 2.734E+00 
1.500E-02 9.211E-01 
2.000E-02 4.962E-01 
3.000E-02 2.804E-01 
4.000E-02 2.245E-01 
5.000E-02 2.012E-01 
6.000E-02 1.881E-01 
8.000E-02 1.724E-01 
1.000E-01 1.620E-01 
1.500E-01 1.441E-01 
2.000E-01 1.315E-01 
3.000E-01 1.141E-01 
4.000E-01 1.021E-01 
5.000E-01 9.323E-02 
6.000E-01 8.620E-02 
8.000E-01 7.570E-02 
1.000E+00 6.806E-02 
1.022E+00 6.735E-02 
1.250E+00 6.087E-02 
1.500E+00 5.539E-02 
2.000E+00 4.751E-02 
2.044E+00 4.695E-02 
3.000E+00 3.805E-02 
4.000E+00 3.250E-02 
5.000E+00 2.883E-02 
6.000E+00 2.624E-02 
7.000E+00 2.431E-02 
8.000E+00 2.282E-02 
9.000E+00 2.165E-02 
1.000E+01 2.069E-02 
1.100E+01 1.991E-02 
1.200E+01 1.925E-02 
1.300E+01 1.869E-02 
1.400E+01 1.822E-02 
1.500E+01 1.781E-02 
1.600E+01 1.746E-02 
1.800E+01 1.688E-02 
2.000E+01 1.643E-02 