1.00000E-03  2.457E+03 
1.50000E-03  8.235E+02 
2.00000E-03  3.727E+02 
2.82240E-03  1.424E+02 
2.82240E-03  9.701E+02 
3.00000E-03  8.702E+02 
4.00000E-03  4.137E+02 
5.00000E-03  2.287E+02 
6.00000E-03  1.395E+02 
8.00000E-03  6.276E+01 
1.00000E-02  3.340E+01 
1.50000E-02  1.045E+01 
2.00000E-02  4.578E+00 
3.00000E-02  1.491E+00 
4.00000E-02  7.300E-01 
5.00000E-02  4.559E-01 
6.00000E-02  3.325E-01 
8.00000E-02  2.298E-01 
1.00000E-01  1.887E-01 
1.50000E-01  1.486E-01 
2.00000E-01  1.308E-01 
3.00000E-01  1.110E-01 
4.00000E-01  9.867E-02 
5.00000E-01  8.981E-02 
6.00000E-01  8.293E-02 
8.00000E-01  7.271E-02 
1.00000E+00  6.532E-02 
1.25000E+00  5.840E-02 
1.50000E+00  5.320E-02 
2.00000E+00  4.587E-02 
3.00000E+00  3.738E-02 
4.00000E+00  3.261E-02 
5.00000E+00  2.959E-02 
6.00000E+00  2.754E-02 
8.00000E+00  2.500E-02 
1.00000E+01  2.356E-02 
1.50000E+01  2.192E-02 
2.00000E+01  2.139E-02 